! Elab, sigma
1.187500e+3, 0.000000E+0
1.255100e+3, 3.19778E-31
1.264100e+3, 4.21231E-31
1.273100e+3, 5.53237E-31
1.282100e+3, 7.24507E-31
1.291100e+3, 9.46098E-31
1.300100e+3, 1.23201E-30
1.309100e+3, 1.59991E-30
1.318100e+3, 2.07207E-30
1.327100e+3, 2.67645E-30
1.336100e+3, 3.44808E-30
1.345100e+3, 4.43079E-30
1.354100e+3, 5.67920E-30
1.363100e+3, 7.26130E-30
1.372100e+3, 9.26148E-30
1.381100e+3, 1.17842E-29
1.390100e+3, 1.49588E-29
1.399100e+3, 1.89445E-29
1.408100e+3, 2.39373E-29
1.417100e+3, 3.01778E-29
1.426100e+3, 3.79611E-29
1.435100e+3, 4.76477E-29
1.444100e+3, 5.96778E-29
1.453100e+3, 7.45873E-29
1.462100e+3, 9.30280E-29
1.471100e+3, 1.15790E-28
1.480100e+3, 1.43831E-28
1.489100e+3, 1.78309E-28
1.498100e+3, 2.20619E-28
1.507100e+3, 2.72442E-28
1.516100e+3, 3.35801E-28
1.525100e+3, 4.13121E-28
1.536100e+3, 5.30865E-28
1.548100e+3, 6.95751E-28
1.560100e+3, 9.08976E-28
1.572100e+3, 1.18387E-27
1.584100e+3, 1.53724E-27
1.596100e+3, 1.99013E-27
1.608100e+3, 2.56894E-27
1.620100e+3, 3.30658E-27
1.632100e+3, 4.24406E-27
1.644100e+3, 5.43230E-27
1.656100e+3, 6.93437E-27
1.668100e+3, 8.82821E-27
1.680100e+3, 1.12099E-26
1.692100e+3, 1.41976E-26
1.704100e+3, 1.79362E-26
1.716100e+3, 2.26032E-26
1.728100e+3, 2.84152E-26
1.740100e+3, 3.56362E-26
1.753100e+3, 4.54228E-26
1.768100e+3, 5.98974E-26
1.783100e+3, 7.87059E-26
1.798100e+3, 1.03063E-25
1.813100e+3, 1.34502E-25
1.828100e+3, 1.74950E-25
1.843100e+3, 2.26824E-25
1.858100e+3, 2.93144E-25
1.873100e+3, 3.77675E-25
1.888100e+3, 4.85096E-25
1.903100e+3, 6.21206E-25
1.918100e+3, 7.93173E-25
1.933100e+3, 1.00983E-24
1.948100e+3, 1.28205E-24
1.963100e+3, 1.62314E-24
1.978100e+3, 2.04941E-24
1.993100e+3, 2.58073E-24
2.011100e+3, 3.39143E-24
2.029100e+3, 4.44042E-24
2.047100e+3, 5.79296E-24
2.065100e+3, 7.53091E-24
2.083100e+3, 9.75660E-24
2.101100e+3, 1.25975E-23
2.119100e+3, 1.62121E-23
2.137100e+3, 2.07965E-23
2.155100e+3, 2.65931E-23
2.173100e+3, 3.39003E-23
2.191100e+3, 4.30845E-23
2.212100e+3, 5.67759E-23
2.233100e+3, 7.45235E-23
2.254100e+3, 9.74427E-23
2.275100e+3, 1.26931E-22
2.296100e+3, 1.64738E-22
2.317100e+3, 2.13038E-22
2.338100e+3, 2.74534E-22
2.359100e+3, 3.52568E-22
2.380100e+3, 4.51266E-22
2.401100e+3, 5.75700E-22
2.425100e+3, 7.57466E-22
2.449100e+3, 9.92551E-22
2.473100e+3, 1.29541E-21
2.497100e+3, 1.68412E-21
2.521100e+3, 2.18116E-21
2.545100e+3, 2.81443E-21
2.569100e+3, 3.61842E-21
2.594100e+3, 4.68339E-21
2.621100e+3, 6.16224E-21
2.648100e+3, 8.07359E-21
2.675100e+3, 1.05339E-20
2.702100e+3, 1.36886E-20
2.729100e+3, 1.77179E-20
2.756100e+3, 2.28452E-20
2.783100e+3, 2.93459E-20
2.813100e+3, 3.85939E-20
2.843100e+3, 5.05334E-20
2.873100e+3, 6.58833E-20
2.903100e+3, 8.55381E-20
2.933100e+3, 1.10605E-19
2.964100e+3, 1.43650E-19
2.997100e+3, 1.88883E-19
3.030100e+3, 2.47234E-19
3.063100e+3, 3.22184E-19
3.096100e+3, 4.18053E-19
3.129100e+3, 5.40183E-19
3.165100e+3, 7.11134E-19
3.201100e+3, 9.31782E-19
3.237100e+3, 1.21531E-18
3.273100e+3, 1.57806E-18
3.310100e+3, 2.05472E-18
3.349100e+3, 2.70077E-18
3.388100e+3, 3.53295E-18
3.427100e+3, 4.60005E-18
3.467100e+3, 6.00182E-18
3.509100e+3, 7.89619E-18
3.551100e+3, 1.03371E-17
3.593100e+3, 1.34678E-17
3.636100e+3, 1.75725E-17
3.681100e+3, 2.30960E-17
3.726100e+3, 3.02031E-17
3.771100e+3, 3.93046E-17
3.819100e+3, 5.17838E-17
3.867100e+3, 6.78694E-17
3.915100e+3, 8.85024E-17
3.966100e+3, 1.16709E-16
4.017100e+3, 1.53082E-16
4.068100e+3, 1.99751E-16
4.122100e+3, 2.63312E-16
4.176100e+3, 3.45208E-16
4.231100e+3, 4.52389E-16
4.288100e+3, 5.95365E-16
4.345100e+3, 7.79225E-16
4.404100e+3, 1.02378E-15
4.464100e+3, 1.34370E-15
4.525100e+3, 1.76163E-15
4.588100e+3, 2.31671E-15
4.652100e+3, 3.04224E-15
4.718100e+3, 4.00535E-15
4.785100e+3, 5.26405E-15
4.854100e+3, 6.93301E-15
4.924100e+3, 9.11246E-15
4.996100e+3, 1.19973E-14
5.069100e+3, 1.57594E-14
5.144100e+3, 2.07282E-14
5.221100e+3, 2.72920E-14
5.299100e+3, 3.58383E-14
5.380100e+3, 4.72530E-14
5.463100e+3, 6.23227E-14
5.547100e+3, 8.19418E-14
5.634100e+3, 1.08080E-13
5.723100e+3, 1.42512E-13
5.814100e+3, 1.87820E-13
5.907100e+3, 2.47367E-13
6.003100e+3, 3.26452E-13
6.101100e+3, 4.30336E-13
6.202100e+3, 5.68100E-13
6.305100e+3, 7.48819E-13
6.411100e+3, 9.87950E-13
6.520100e+3, 1.30427E-12
6.632100e+3, 1.72245E-12
6.747100e+3, 2.27489E-12
6.865100e+3, 3.00396E-12
6.987100e+3, 3.97400E-12
7.112100e+3, 5.25323E-12
7.240100e+3, 6.93748E-12
7.372100e+3, 9.17012E-12
7.508100e+3, 1.21281E-11
7.648100e+3, 1.60441E-11
7.793100e+3, 2.12636E-11
7.942100e+3, 2.81679E-11
8.096100e+3, 3.73538E-11
8.254100e+3, 4.94811E-11
8.417100e+3, 6.55708E-11
8.585100e+3, 8.68942E-11
8.758100e+3, 1.15115E-10
8.937100e+3, 1.52643E-10
9.122100e+3, 2.02505E-10
9.313100e+3, 2.68677E-10
9.510100e+3, 3.56368E-10
9.714100e+3, 4.73022E-10
9.925100e+3, 6.28030E-10
1.014010e+4, 8.30515E-10
1.035010e+4, 1.081772E-9
1.056010e+4, 1.397656E-9
1.079010e+4, 1.834106E-9
1.103010e+4, 2.412831E-9
1.127010e+4, 3.145649E-9
1.152010e+4, 4.109125E-9
1.179010e+4, 5.429982E-9
1.206010e+4, 7.106502E-9
1.234010e+4, 9.303867E-9
1.264010e+4, 1.229071E-8
1.294010e+4, 1.607500E-8
1.327010e+4, 2.136326E-8
1.360010e+4, 2.808927E-8
1.395010e+4, 3.714114E-8
1.431010e+4, 4.895945E-8
1.469010e+4, 6.479413E-8
1.508010e+4, 8.540621E-8
1.550010e+4, 1.136136E-7
1.593010e+4, 1.503366E-7
1.638010e+4, 1.990878E-7
1.686010e+4, 2.652029E-7
1.736010e+4, 3.528637E-7
1.788010e+4, 4.686761E-7
1.843010e+4, 6.242513E-7
1.901010e+4, 8.328380E-7
1.962010e+4, 1.111773E-6
2.026010e+4, 1.483584E-6
2.093010e+4, 1.977337E-6
2.164010e+4, 2.640707E-6
2.240010e+4, 3.542573E-6
2.320010e+4, 4.748756E-6
2.405010e+4, 6.375967E-6
2.494010e+4, 8.535451E-6
2.589010e+4, 1.145330E-5
2.691010e+4, 1.542371E-5
2.799010e+4, 2.074963E-5
2.914010e+4, 2.792273E-5
3.037010e+4, 3.761872E-5
3.169010e+4, 5.076402E-5
3.311010e+4, 6.862416E-5
3.464010e+4, 9.292019E-5
3.629010e+4, 1.259792E-4
3.808010e+4, 1.712091E-4
4.002010e+4, 2.329935E-4
4.212010e+4, 3.171591E-4
4.442010e+4, 4.330570E-4
4.693010e+4, 5.919324E-4
4.969010e+4, 8.111110E-4
5.273010e+4, 1.113655E-3
5.609010e+4, 1.532109E-3
5.982010e+4, 2.112516E-3
6.399010e+4, 2.922171E-3
6.867010e+4, 4.054546E-3
7.393010e+4, 5.637597E-3
7.988010e+4, 7.860259E-3
8.666010e+4, 1.099840E-2
9.441010e+4, 1.543510E-2
1.033001e+5, 2.171701E-2
1.134001e+5, 3.049655E-2
1.251001e+5, 4.297715E-2
1.386001e+5, 6.062761E-2
1.543001e+5, 8.576528E-2
1.726001e+5, 1.216344E-1
1.942001e+5, 1.734217E-1
2.204001e+5, 2.500164E-1
2.564001e+5, 3.771586E-1
3.236001e+5, 6.379348E-1
3.638001e+5, 7.578683E-1
4.015001e+5, 8.162117E-1
4.432001e+5, 8.181777E-1
5.011001e+5, 7.483605E-1
6.227001e+5, 5.401664E-1
7.087001e+5, 4.234990E-1
7.944001e+5, 3.384134E-1
8.749826e+5, 2.811828E-1
9.639155e+5, 2.386378E-1
1.070591e+6, 2.059535E-1
1.245423e+6, 1.738605E-1
1.483485e+6, 1.426834E-1
1.731524e+6, 1.204707E-1
2.016589e+6, 1.040932E-1
2.394573e+6, 9.061750E-2
2.866142e+6, 8.078142E-2
3.515654e+6, 7.414979E-2
4.864335e+6, 6.785199E-2
7.203594e+6, 5.963454E-2
1.026353e+7, 4.531420E-2
1.248882e+7, 3.850040E-2
1.587079e+7, 3.159591E-2
1.963925e+7, 2.611499E-2
2.377534e+7, 2.202121E-2